{
  "omega": 0.49,
  "L": 2.0,
  "s0": 0.2825,
  "bases": [
    18,
    20,
    22
  ],
  "constraintRule": "ratio-floor",
  "constraintRatio": 0.625,
  "cutoff": 6,
  "coefficientEnvelope": {
    "traceLambda0": -0.00012862612661029079,
    "traceLambda1": 9.42101395763874e-06,
    "sourceMin": 0.08,
    "sourceMax": 0.52,
    "sourceGrid": 17,
    "mesh": 0.0275,
    "meshRadius": 0.01375,
    "maxAbsP": 107.41740043918624,
    "maxAbsDP": 40.39704932949021,
    "maxAbsD2P": 60.919291893472504,
    "coverAbsP": 107.97285986746674,
    "coverAbsDP": 41.23468959302546,
    "rows": [
      {
        "u": 0.08,
        "p": -107.41740043918624,
        "dp": 21.951179400950767,
        "d2p": 60.919291893472504,
        "b": [
          -10.432720524741622,
          0.3403507939139897,
          0.03864978066970546,
          -0.0017031848593495973,
          0.00020727018836353052,
          -8.930068432332228e-05,
          1.2449561198109168e-05,
          -4.894851292164622e-07
        ],
        "db": [
          -0.1478640608053088,
          -0.06062773437906138,
          -0.0008994281598308694,
          0.00019110787226921756,
          1.6444406671433725e-05,
          -3.941617061351108e-07,
          -3.699667100465361e-07,
          1.8867334683366647e-08
        ],
        "d2b": [
          4.788898347621405,
          -0.1789821534386598,
          -0.0180994367158869,
          0.0007741736747680523,
          -7.375484431870925e-05,
          3.855917685133218e-05,
          -5.59612790424234e-06,
          2.219729839238881e-07
        ]
      },
      {
        "u": 0.1075,
        "p": -106.79095890167775,
        "dp": 23.59893575896885,
        "d2p": 58.897094358470696,
        "b": [
          -10.434971346334624,
          0.3386165490567244,
          0.03861820479047876,
          -0.001697638887313036,
          0.0002076942918593417,
          -8.929692053425511e-05,
          1.2437273103242516e-05,
          -4.888824774235274e-07
        ],
        "db": [
          -0.0156773007954621,
          -0.06547349654049803,
          -0.0013968687910514805,
          0.00021215304749516554,
          1.439132478562095e-05,
          6.686317584711987e-07,
          -5.23625575267363e-07,
          2.4956498049616853e-08
        ],
        "d2b": [
          4.822664708006303,
          -0.17338249954882415,
          -0.018070954878935213,
          0.0007561755192032614,
          -7.553495090536013e-05,
          3.872063950128595e-05,
          -5.577077869261816e-06,
          2.2079757463252024e-07
        ]
      },
      {
        "u": 0.135,
        "p": -106.11998375896385,
        "dp": 25.18945454247282,
        "d2p": 56.758715996120266,
        "b": [
          -10.433575787500704,
          0.33675120313863316,
          0.038572965402174024,
          -0.0016915211326376444,
          0.0002080612817261189,
          -8.926387960790796e-05,
          1.2420768081446166e-05,
          -4.881128763005894e-07
        ],
        "db": [
          0.11727199618849812,
          -0.07016094215000172,
          -0.001892945168641068,
          0.00023268660252224264,
          1.2291391933752266e-05,
          1.734695863643941e-06,
          -6.765986226152141e-07,
          3.100700719651002e-08
        ],
        "d2b": [
          4.844378139199774,
          -0.16747415830817372,
          -0.018000422887228407,
          0.0007369857260761995,
          -7.71615242583514e-05,
          3.87972830268278e-05,
          -5.5463159397017465e-06,
          2.191646735311837e-07
        ]
      },
      {
        "u": 0.1625,
        "p": -105.40609133907924,
        "dp": 26.719719435591138,
        "d2p": 54.5171729390125,
        "b": [
          -10.428517417218211,
          0.3347592220932194,
          0.038514115762212434,
          -0.00168484609975372,
          0.00020836992810035232,
          -8.920150348175897e-05,
          1.2400069370460075e-05,
          -4.871775595886974e-07
        ],
        "db": [
          0.25065448391349615,
          -0.07468207271228959,
          -0.0023865185234394526,
          0.0002526774809220021,
          1.0148882341653202e-05,
          2.8017193895404952e-06,
          -8.285693585290786e-07,
          3.700652685726189e-08
        ],
        "d2b": [
          4.854201000163797,
          -0.16129281224600606,
          -0.017889147559439846,
          0.0007167288260932102,
          -7.863087467301697e-05,
          3.8790706954955323e-05,
          -5.50425401659938e-06,
          2.170923689867665e-07
        ]
      },
      {
        "u": 0.19,
        "p": -104.6509759828204,
        "dp": 28.187073502008676,
        "d2p": 52.18556934098406,
        "b": [
          -10.41978879339988,
          0.33264527831569973,
          0.0384417399307144,
          -0.0016776291001538953,
          0.00020861911998127622,
          -8.910979700973729e-05,
          1.2375208751551824e-05,
          -4.860780932511105e-07
        ],
        "db": [
          0.3841460085535439,
          -0.07902987119483497,
          -0.0028764881153542456,
          0.00027209803912302087,
          7.968163648866286e-06,
          3.867439149848858e-06,
          -9.792330812713416e-07,
          4.294323625707751e-08
        ],
        "d2b": [
          4.852348143226697,
          -0.1548741156039102,
          -0.01773858560359435,
          0.0006955283565249551,
          -7.993990099955176e-05,
          3.8702802220518384e-05,
          -5.451337198743502e-06,
          2.145999653841296e-07
        ]
      },
      {
        "u": 0.2175,
        "p": -103.85640013983931,
        "dp": 29.589220265750402,
        "d2p": 49.77700047525181,
        "b": [
          -10.407391300580407,
          0.33041422371513096,
          0.03835595166972895,
          -0.001669886159019204,
          0.00020880786757514848,
          -8.898882653334105e-05,
          1.2346226213135893e-05,
          -4.848163608838379e-07
        ],
        "db": [
          0.5174290160815855,
          -0.0831982978100281,
          -0.0033617951683951276,
          0.0002909240078110382,
          5.753680504136117e-06,
          4.92964776072459e-06,
          -1.128297744957895e-06,
          4.8805860491361075e-08
        ],
        "d2b": [
          4.839084223845361,
          -0.14825344616223088,
          -0.01755032990200731,
          0.0006735060502532352,
          -8.108610594496571e-05,
          3.85357331271691e-05,
          -5.388040210421651e-06,
          2.1170783274064344e-07
        ]
      },
      {
        "u": 0.245,
        "p": -103.02418447121939,
        "dp": 30.924222175913027,
        "d2p": 47.30445953333022,
        "b": [
          -10.391334949961628,
          0.3280710629747848,
          0.038256893239521784,
          -0.001661633923205955,
          0.00020893530418311215,
          -8.883871824610341e-05,
          1.231316959199333e-05,
          -4.833945483204017e-07
        ],
        "db": [
          0.6501938809670744,
          -0.08718227914780682,
          -0.0038414264193448308,
          0.000309134431834437,
          3.509937793943912e-06,
          5.986200895026549e-06,
          -1.275484724250541e-06,
          5.458369774186154e-08
        ],
        "d2b": [
          4.814720674185806,
          -0.141465670166026,
          -0.01732609515477847,
          0.0006507810844539599,
          -8.206760743342262e-05,
          3.829191798731733e-05,
          -5.314863754974724e-06,
          2.084372546357876e-07
        ]
      },
      {
        "u": 0.2725,
        "p": -102.15619802896134,
        "dp": 32.190496569535426,
        "d2p": 44.78074901305037,
        "b": [
          -10.371638144101412,
          0.32562092719841856,
          0.03814473410276853,
          -0.0016528895711612618,
          0.0002090006876240555,
          -8.865965636603491e-05,
          1.2276094194847246e-05,
          -4.818151275457349e-07
        ],
        "db": [
          0.7821401474894667,
          -0.09097769104700211,
          -0.004314417264711124,
          0.00032671159033052696,
          1.2414836143517217e-06,
          7.035023988337068e-06,
          -1.42052947815172e-06,
          6.026664230398187e-08
        ],
        "d2b": [
          4.779612381376626,
          -0.13454492234155502,
          -0.017067703048178774,
          0.0006274693942149559,
          -8.288314589656105e-05,
          3.7974008646708837e-05,
          -5.232330828957373e-06,
          2.04810275870333e-07
        ]
      },
      {
        "u": 0.3,
        "p": -101.25434857934155,
        "dp": 33.38680926995107,
        "d2p": 42.21839748953627,
        "b": [
          -10.348327408755631,
          0.32306904810869835,
          0.0380196695478592,
          -0.0016436707252860446,
          0.0002090034011869629,
          -8.845188113151317e-05,
          1.22350624030794e-05,
          -4.800808400343369e-07
        ],
        "db": [
          0.9129776761374264,
          -0.0945813356445221,
          -0.004779854495185437,
          0.00034364089891803873,
          -1.0471079006639973e-06,
          8.074118368979385e-06,
          -1.5631821122855717e-06,
          6.584520343662136e-08
        ],
        "d2b": [
          4.734154113794999,
          -0.1275244027097157,
          -0.01677706711436053,
          0.0006036830552374922,
          -8.353208741021543e-05,
          3.7584869104068055e-05,
          -5.140983030691637e-06,
          2.0084955121188798e-07
        ]
      },
      {
        "u": 0.3275,
        "p": -100.32057313304135,
        "dp": 34.512265978394154,
        "d2p": 39.629582459685075,
        "b": [
          -10.321437094572978,
          0.3204207329513439,
          0.03788191924275323,
          -0.001633995367212148,
          0.00020894295411038634,
          -8.821568663677555e-05,
          1.2190143263377532e-05,
          -4.781946796269923e-07
        ],
        "db": [
          1.042427688781968,
          -0.09799091308434422,
          -0.005236878611383497,
          0.0003599107958994028,
          -3.3512537795475803e-06,
          9.101566790066952e-06,
          -1.703207839960128e-06,
          7.13105200822655e-08
        ],
        "d2b": [
          4.678776740515068,
          -0.12043619160426068,
          -0.01645617744645043,
          0.0005795297386123622,
          -8.401442264044774e-05,
          3.712755343830995e-05,
          -5.041376895603734e-06,
          1.9657819651096624e-07
        ]
      },
      {
        "u": 0.355,
        "p": -99.35682874035949,
        "dp": 35.5663016341222,
        "d2p": 37.02605984078029,
        "b": [
          -10.29100905149876,
          0.31768134024482014,
          0.03773172573093441,
          -0.0016238817564057824,
          0.0002088189815898344,
          -8.795141852369401e-05,
          1.2141412067082848e-05,
          -4.7615987505856997e-07
        ],
        "db": [
          1.170223707568651,
          -0.10120498840279712,
          -0.005684685719095496,
          0.0003755126144828438,
          -5.666379326956356e-06,
          1.0115538347460461e-05,
          -1.840387343172894e-06,
          7.665437153920095e-08
        ],
        "d2b": [
          4.613943290075589,
          -0.11331108399610886,
          -0.016107085428381403,
          0.0005551122395169632,
          -8.433076160914936e-05,
          3.6605283255191525e-05,
          -4.934080288987955e-06,
          1.9201964338600583e-07
        ]
      },
      {
        "u": 0.3825,
        "p": -98.36508360479516,
        "dp": 36.54866793272174,
        "d2p": 34.419100589626645,
        "b": [
          -10.257092278865272,
          0.3148562565008161,
          0.03756935288100402,
          -0.0016133483524536666,
          0.000208631244317033,
          -8.765947154687483e-05,
          1.2088949920963902e-05,
          -4.7397987224672833e-07
        ],
        "db": [
          1.2961123837489474,
          -0.10422295413265592,
          -0.006122529006565913,
          0.00039044044306973057,
          -7.987935036732506e-06,
          1.1114292773296348e-05,
          -1.9745170355372234e-06,
          8.186918419938152e-08
        ],
        "d2b": [
          4.540144895016108,
          -0.10617844391654026,
          -0.015731888631955133,
          0.000530528080569569,
          -8.448232433684674e-05,
          3.602142486205259e-05,
          -4.8196688847891975e-06,
          1.8719749857886188e-07
        ]
      },
      {
        "u": 0.41,
        "p": -97.34730856291115,
        "dp": 37.459419203492665,
        "d2p": 31.819434792314667,
        "b": [
          -10.219742554232855,
          0.31195087402557387,
          0.03739508430132478,
          -0.001602413741331857,
          0.0002083796275581286,
          -8.734028702933208e-05,
          1.2032843312078068e-05,
          -4.7165831644782643e-07
        ],
        "db": [
          1.4198542139440693,
          -0.10704498918617,
          -0.0065497198103996795,
          0.0004046909756581898,
          -1.0311413192005225e-05,
          1.2096184100415977e-05,
          -2.10540922986189e-06,
          8.694803449432257e-08
        ],
        "d2b": [
          4.457896668211169,
          -0.09906607946721674,
          -0.015332716024810986,
          0.0005058691895195825,
          -8.447092746690877e-05,
          3.537946637363343e-05,
          -4.698722756682491e-06,
          1.8213540897623735e-07
        ]
      },
      {
        "u": 0.4375,
        "p": -96.30546897274455,
        "dp": 38.29889685483527,
        "d2p": 29.237203458622393,
        "b": [
          -10.17902204409725,
          0.30897056989657884,
          0.03720922173089369,
          -0.0015910965659010888,
          0.00020806413978093882,
          -8.699435022603639e-05,
          1.1973183669297164e-05,
          -4.6919903438206155e-07
        ],
        "db": [
          1.5412241425868096,
          -0.10967201458646597,
          -0.0069656282805012504,
          0.0004182633543913934,
          -1.2632364043861829e-05,
          1.3059663698502884e-05,
          -2.2328922138046113e-06,
          9.188464821723519e-08
        ],
        "d2b": [
          4.3677335559372015,
          -0.09200013860911738,
          -0.014911713622448955,
          0.0004812216499645525,
          -8.429896702029529e-05,
          3.468299494403927e-05,
          -4.571823105201449e-06,
          1.768569331793808e-07
        ]
      },
      {
        "u": 0.465,
        "p": -95.24151704721294,
        "dp": 39.06771260142718,
        "d2p": 26.68191814125072,
        "b": [
          -10.134998899596694,
          0.305920686193427,
          0.03701208341728674,
          -0.0015794154608172934,
          0.000207684910844281,
          -8.662218761254534e-05,
          1.1910066923970949e-05,
          -4.666060164249124e-07
        ],
        "db": [
          1.6600120505003497,
          -0.1121056466181369,
          -0.007369683657953116,
          0.0004311590062302865,
          -1.4946411464719114e-05,
          1.4003282687967367e-05,
          -2.356810237636783e-06,
          9.667339641226011e-08
        ],
        "d2b": [
          4.270206210885793,
          -0.0850050256404634,
          -0.01447103070547708,
          0.000456665522880244,
          -8.396939747252813e-05,
          3.393567430995883e-05,
          -4.439549141976858e-06,
          1.7138542038625897e-07
        ]
      },
      {
        "u": 0.4925,
        "p": -94.15738466305349,
        "dp": 39.766730688763985,
        "d2p": 24.162428390520525,
        "b": [
          -10.087746840337195,
          0.30280651154605415,
          0.03680400249209191,
          -0.0015673889919924498,
          0.0002072421897651867,
          -8.622436411568786e-05,
          1.184359307208369e-05,
          -4.6388339895644127e-07
        ],
        "db": [
          1.776023130731139,
          -0.11434814796168129,
          -0.007761374182893978,
          0.000443381475658284,
          -1.724926797834755e-05,
          1.4925693742550172e-05,
          -2.477023418697484e-06,
          1.0130928804101722e-07
        ],
        "d2b": [
          4.165876926049776,
          -0.07810333800981156,
          -0.014012806710107345,
          0.0004322747359405484,
          -8.348570738399581e-05,
          3.3141222818475876e-05,
          -4.3024751493404025e-06,
          1.6574389722935593e-07
        ]
      },
      {
        "u": 0.52,
        "p": -93.05497666991295,
        "dp": 40.39704932949021,
        "d2p": 21.686896951592143,
        "b": [
          -10.037344729408575,
          0.2996332640481514,
          0.03658532535373862,
          -0.0015550356006897045,
          0.00020673634208241514,
          -8.580148030290877e-05,
          1.1773865740126478e-05,
          -4.6103544695400156e-07
        ],
        "db": [
          1.8890781538411971,
          -0.11640237736334184,
          -0.00814024665223635,
          0.00045493625523237763,
          -1.953674907535622e-05,
          1.5825652296203964e-05,
          -2.593407567577415e-06,
          1.0578795965269528e-07
        ],
        "d2b": [
          4.055315667623544,
          -0.07131582286836684,
          -0.013539158885897074,
          0.00040811703689825084,
          -8.285189185037458e-05,
          3.230339209949458e-05,
          -4.161167730675016e-06,
          1.5995496309024263e-07
        ]
      }
    ]
  },
  "rows": [
    {
      "basis": 18,
      "constraints": 11,
      "rank": 11,
      "nullity": 7,
      "positiveModes": 7,
      "cutoff": 6,
      "highModes": 1,
      "lambdaMinHigh": 0.1543899343461991,
      "lambdaMaxHigh": 0.1543899343461991,
      "evalRepresenterNorm2": 4.235662879762652,
      "evalCoverNorm2": 49379.94435586954,
      "evalDerivativeCoverNorm2": 7201.896009615849,
      "maxBNormGrid": 21.518375917090488,
      "maxDBNormGrid": 3.898992553314384,
      "maxD2BNormGrid": 10.010205990388952,
      "boundaryCoverNorm2": 465.35062591952203,
      "boundaryDerivativeCoverNorm2": 16.294405053771264,
      "maxJetRangeRelativeDefect": 5.180434607166608e-81,
      "jetRepresenters": [
        {
          "deriv": 0,
          "norm2": 4.235662879762652,
          "norm": 2.0580726128498603,
          "rangeRelativeDefect": 2.6072998360247914e-81
        },
        {
          "deriv": 1,
          "norm2": 0.0023575098238513927,
          "norm": 0.04855419470912264,
          "rangeRelativeDefect": 5.180434607166608e-81
        },
        {
          "deriv": 2,
          "norm2": 0.46295817674203493,
          "norm": 0.6804103002909604,
          "rangeRelativeDefect": 3.943218072768676e-81
        },
        {
          "deriv": 3,
          "norm2": 0.05704778555724192,
          "norm": 0.238846782597635,
          "rangeRelativeDefect": 4.212438247794682e-81
        },
        {
          "deriv": 4,
          "norm2": 1.9642756536418382,
          "norm": 1.4015261872836478,
          "rangeRelativeDefect": 1.914346101663156e-81
        },
        {
          "deriv": 5,
          "norm2": 14.179277564001737,
          "norm": 3.765538150650148,
          "rangeRelativeDefect": 2.8500640128073447e-81
        },
        {
          "deriv": 6,
          "norm2": 108.1134078604452,
          "norm": 10.397759752006449,
          "rangeRelativeDefect": 4.1285911688621803e-81
        },
        {
          "deriv": 7,
          "norm2": 6465.758268737073,
          "norm": 80.40993886788544,
          "rangeRelativeDefect": 3.2031935125792736e-81
        }
      ],
      "jetGram": [
        [
          4.235662879762652,
          -0.0999280583698249,
          -1.400333804529775,
          -0.49156402193149723,
          2.8844426622403594,
          7.749750940494382,
          -21.399344580597027,
          -165.48949298492653
        ],
        [
          -0.0999280583698249,
          0.0023575098238513927,
          0.03303677420241989,
          0.011597013187893053,
          -0.0680499753873045,
          -0.18283267255129684,
          0.5048548515375998,
          3.904239828339958
        ],
        [
          -1.400333804529775,
          0.03303677420241989,
          0.46295817674203493,
          0.16251381107078658,
          -0.9536128539553115,
          -2.562110943840935,
          7.07474283521597,
          54.711750651475704
        ],
        [
          -0.49156402193149723,
          0.011597013187893053,
          0.16251381107078658,
          0.05704778555724192,
          -0.3347500205590297,
          -0.8993866720314365,
          2.4834714629899235,
          19.205655187466956
        ],
        [
          2.8844426622403594,
          -0.0680499753873045,
          -0.9536128539553115,
          -0.3347500205590297,
          1.9642756536418382,
          5.277500327351819,
          -14.572732581520963,
          -112.69663504121867
        ],
        [
          7.749750940494382,
          -0.18283267255129684,
          -2.562110943840935,
          -0.8993866720314365,
          5.277500327351819,
          14.179277564001737,
          -39.1531610274749,
          -302.7866924984688
        ],
        [
          -21.399344580597027,
          0.5048548515375998,
          7.07474283521597,
          2.4834714629899235,
          -14.572732581520963,
          -39.1531610274749,
          108.1134078604452,
          836.0832260217982
        ],
        [
          -165.48949298492653,
          3.904239828339958,
          54.711750651475704,
          19.205655187466956,
          -112.69663504121867,
          -302.7866924984688,
          836.0832260217982,
          6465.758268737073
        ]
      ]
    },
    {
      "basis": 20,
      "constraints": 12,
      "rank": 12,
      "nullity": 8,
      "positiveModes": 8,
      "cutoff": 6,
      "highModes": 2,
      "lambdaMinHigh": 0.009537782083561406,
      "lambdaMaxHigh": 0.1543899487639319,
      "evalRepresenterNorm2": 80.1690618322107,
      "evalCoverNorm2": 934622.0236863281,
      "evalDerivativeCoverNorm2": 136311.42583670348,
      "maxBNormGrid": 98.31261769632972,
      "maxDBNormGrid": 18.5259643549347,
      "maxD2BNormGrid": 45.77989693850677,
      "boundaryCoverNorm2": 9715.522428106311,
      "boundaryDerivativeCoverNorm2": 366.9308025904081,
      "maxJetRangeRelativeDefect": 2.2110466143138383e-80,
      "jetRepresenters": [
        {
          "deriv": 0,
          "norm2": 80.1690618322107,
          "norm": 8.953717765945646,
          "rangeRelativeDefect": 1.3675188064772776e-80
        },
        {
          "deriv": 1,
          "norm2": 173.0186575353662,
          "norm": 13.153655671917454,
          "rangeRelativeDefect": 1.6749068402295529e-80
        },
        {
          "deriv": 2,
          "norm2": 163.76197829067627,
          "norm": 12.796951914056576,
          "rangeRelativeDefect": 1.7442399732146598e-80
        },
        {
          "deriv": 3,
          "norm2": 234.72973849124259,
          "norm": 15.320892222427602,
          "rangeRelativeDefect": 2.2110466143138383e-80
        },
        {
          "deriv": 4,
          "norm2": 15070.493041569407,
          "norm": 122.76193645250716,
          "rangeRelativeDefect": 1.4185054933631992e-80
        },
        {
          "deriv": 5,
          "norm2": 832.2916723533674,
          "norm": 28.849465720414432,
          "rangeRelativeDefect": 1.1128942927746175e-80
        },
        {
          "deriv": 6,
          "norm2": 12324601.84587455,
          "norm": 3510.6412300140482,
          "rangeRelativeDefect": 1.9297210114718565e-80
        },
        {
          "deriv": 7,
          "norm2": 6990251.964432345,
          "norm": 2643.908463701485,
          "rangeRelativeDefect": 1.8734911954212654e-80
        }
      ],
      "jetGram": [
        [
          80.1690618322107,
          -114.723496650119,
          -112.83892615912822,
          134.12360757440405,
          1069.8247232568312,
          235.72651413136668,
          -30478.459924147857,
          23074.05902371745
        ],
        [
          -114.723496650119,
          173.0186575353662,
          168.08553964749748,
          -201.49781014092827,
          -1614.7582771424577,
          -372.4182991905886,
          46169.42353744898,
          -34776.93372160414
        ],
        [
          -112.83892615912822,
          168.08553964749748,
          163.76197829067627,
          -195.9273562774608,
          -1568.422875836708,
          -358.0075825320281,
          44807.34501885465,
          -33790.28071463461
        ],
        [
          134.12360757440405,
          -201.49781014092827,
          -195.9273562774608,
          234.72973849124259,
          1880.4401125094312,
          432.30634953268753,
          -53751.96535736242,
          40503.102149269354
        ],
        [
          1069.8247232568312,
          -1614.7582771424577,
          -1568.422875836708,
          1880.4401125094312,
          15070.493041569407,
          3478.1149271879726,
          -430921.37592039304,
          324565.03512045176
        ],
        [
          235.72651413136668,
          -372.4182991905886,
          -358.0075825320281,
          432.30634953268753,
          3478.1149271879726,
          832.2916723533674,
          -99748.06958930177,
          74816.77180631418
        ],
        [
          -30478.459924147857,
          46169.42353744898,
          44807.34501885465,
          -53751.96535736242,
          -430921.37592039304,
          -99748.06958930177,
          12324601.84587455,
          -9279624.752240581
        ],
        [
          23074.05902371745,
          -34776.93372160414,
          -33790.28071463461,
          40503.102149269354,
          324565.03512045176,
          74816.77180631418,
          -9279624.752240581,
          6990251.964432345
        ]
      ]
    },
    {
      "basis": 22,
      "constraints": 13,
      "rank": 12,
      "nullity": 10,
      "positiveModes": 10,
      "cutoff": 6,
      "highModes": 4,
      "lambdaMinHigh": 5.2627140629946134e-05,
      "lambdaMaxHigh": 0.15438995092429375,
      "evalRepresenterNorm2": 2029.6204783009384,
      "evalCoverNorm2": 23661596.573438752,
      "evalDerivativeCoverNorm2": 3450962.939838409,
      "maxBNormGrid": 384.6833256857829,
      "maxDBNormGrid": 52.3661346753979,
      "maxD2BNormGrid": 185.00393380061473,
      "boundaryCoverNorm2": 148535.74992824855,
      "boundaryDerivativeCoverNorm2": 3015.10137519322,
      "maxJetRangeRelativeDefect": 1.2851186279135082e-78,
      "jetRepresenters": [
        {
          "deriv": 0,
          "norm2": 2029.6204783009384,
          "norm": 45.051309396075695,
          "rangeRelativeDefect": 2.8301168660800044e-79
        },
        {
          "deriv": 1,
          "norm2": 454011.6105489997,
          "norm": 673.8038368464516,
          "rangeRelativeDefect": 8.663489642016322e-79
        },
        {
          "deriv": 2,
          "norm2": 7769555.840406825,
          "norm": 2787.39230113144,
          "rangeRelativeDefect": 1.157152274917377e-78
        },
        {
          "deriv": 3,
          "norm2": 1064337.7625693805,
          "norm": 1031.6674670500086,
          "rangeRelativeDefect": 4.393070326895982e-79
        },
        {
          "deriv": 4,
          "norm2": 502375839.26212686,
          "norm": 22413.74219674454,
          "rangeRelativeDefect": 1.1309569134028585e-78
        },
        {
          "deriv": 5,
          "norm2": 8965052.867962087,
          "norm": 2994.1698128132425,
          "rangeRelativeDefect": 2.334331929868471e-79
        },
        {
          "deriv": 6,
          "norm2": 13718228373.975428,
          "norm": 117124.84097737519,
          "rangeRelativeDefect": 1.0622264003504158e-78
        },
        {
          "deriv": 7,
          "norm2": 330230185620.1378,
          "norm": 574656.58059413,
          "rangeRelativeDefect": 1.2851186279135082e-78
        }
      ],
      "jetGram": [
        [
          2029.6204783009384,
          25375.292944043093,
          -114293.98482532799,
          -26765.985615048936,
          916634.3680454608,
          30566.78301384771,
          -4619265.887419869,
          -24227432.231495522
        ],
        [
          25375.292944043093,
          454011.6105489997,
          -1853925.371137813,
          -642087.7120535126,
          14919118.184784384,
          1421720.1606412889,
          -78673172.25134628,
          -376363890.48690504
        ],
        [
          -114293.98482532799,
          -1853925.371137813,
          7769555.840406825,
          2446677.0919427816,
          -62474751.89808563,
          -4864503.361036958,
          325379672.26452905,
          1597065169.9103894
        ],
        [
          -26765.985615048936,
          -642087.7120535126,
          2446677.0919427816,
          1064337.7625693805,
          -19728891.190956634,
          -2850420.89157577,
          107644663.0848864,
          479035120.60728276
        ],
        [
          916634.3680454608,
          14919118.184784384,
          -62474751.89808563,
          -19728891.190956634,
          502375839.26212686,
          39358246.39278528,
          -2617396625.512719,
          -12837649214.20823
        ],
        [
          30566.78301384771,
          1421720.1606412889,
          -4864503.361036958,
          -2850420.89157577,
          39358246.39278528,
          8965052.867962087,
          -226931206.2119808,
          -892610833.4408854
        ],
        [
          -4619265.887419869,
          -78673172.25134628,
          325379672.26452905,
          107644663.0848864,
          -2617396625.512719,
          -226931206.2119808,
          13718228373.975428,
          66463312188.25064
        ],
        [
          -24227432.231495522,
          -376363890.48690504,
          1597065169.9103894,
          479035120.60728276,
          -12837649214.20823,
          -892610833.4408854,
          66463312188.25064,
          330230185620.1378
        ]
      ]
    }
  ],
  "theoremTemplate": "Fixed-representer Hardy/Green theorem. If the closed-trace high RKHS has bounded jet representers k_j^{hi}, and the source coefficient rows p,p',b,b' are bounded on the compact source window, then the source-window Hardy/Green inequality follows."
}
