{
  "omega": 0.49,
  "L": 2.0,
  "s0": 0.2825,
  "bases": [
    18,
    20,
    22
  ],
  "constraintRule": "basis-minus",
  "constraintOffset": 8,
  "cutoff": 6,
  "jetOrder": 9,
  "jetCount": 8,
  "maxTraceQ": 16,
  "lambda0": -0.00012862612661029079,
  "lambda1": 9.42101395763874e-06,
  "gap": 0.00013804714056792953,
  "e8AtS0": -0.17949627136147217,
  "lambdaDerivatives": [
    -0.00012862612661029079,
    0.0012586353561607226,
    -0.010569790654668558,
    0.08131470927283976,
    -0.48480406794895253,
    0.3262134539749114,
    33.05440359008409,
    -172.53886154243878,
    -11867.497399991053,
    225121.96880967333,
    3735520.511510404,
    -308912314.588315,
    3399472962.8393655,
    369400519027.39575,
    -16726614828278.037,
    -133545146978831.05,
    5.480905836994158e+16
  ],
  "rows": [
    {
      "basis": 18,
      "towerConstraints": 10,
      "rank": 7,
      "nullity": 11,
      "positiveModes": 11,
      "cutoff": 6,
      "highModes": 5,
      "lambdaMinHigh": 3.7094961197795018e-06,
      "lambdaMaxHigh": 0.1543899510231228,
      "maxRangeRelativeDefect": 6.624876336209378e-78,
      "jetRepresenters": [
        {
          "deriv": 0,
          "norm2": 196912.69744142142,
          "norm": 443.74846190316134,
          "rangeRelativeDefect": 3.1631802224030613e-78
        },
        {
          "deriv": 1,
          "norm2": 2317243.2264835057,
          "norm": 1522.249396939774,
          "rangeRelativeDefect": 1.622046598135185e-78
        },
        {
          "deriv": 2,
          "norm2": 567425971.6360887,
          "norm": 23820.704683868793,
          "rangeRelativeDefect": 5.1156362696821985e-78
        },
        {
          "deriv": 3,
          "norm2": 3739884502.3679814,
          "norm": 61154.595104276355,
          "rangeRelativeDefect": 6.624876336209378e-78
        },
        {
          "deriv": 4,
          "norm2": 42446794326.07085,
          "norm": 206026.19815467848,
          "rangeRelativeDefect": 4.9216685715149305e-78
        },
        {
          "deriv": 5,
          "norm2": 928882428381.1691,
          "norm": 963785.4680275944,
          "rangeRelativeDefect": 6.086956314538221e-78
        },
        {
          "deriv": 6,
          "norm2": 13170253153885.965,
          "norm": 3629084.3409716953,
          "rangeRelativeDefect": 5.8617702831688e-78
        },
        {
          "deriv": 7,
          "norm2": 441132860374477.06,
          "norm": 21003163.10402976,
          "rangeRelativeDefect": 6.166395236207057e-78
        }
      ],
      "jetGram": [
        [
          196912.69744142142,
          627586.379592464,
          -10557632.189271197,
          26952916.41455514,
          91267559.08057958,
          -426191296.9359013,
          -1608655518.9687586,
          9291757495.391129
        ],
        [
          627586.379592464,
          2317243.2264835057,
          -34136972.71869191,
          82568753.6512,
          296852897.9885326,
          -1325917538.1868243,
          -5109760360.611129,
          28996193814.288013
        ],
        [
          -10557632.189271197,
          -34136972.71869191,
          567425971.6360887,
          -1443048465.0636756,
          -4907045632.238444,
          22844405680.725864,
          86353043884.4783,
          -498182108558.242
        ],
        [
          26952916.41455514,
          82568753.6512,
          -1443048465.0636756,
          3739884502.3679814,
          12451735778.616823,
          -58897808431.04191,
          -221024948834.91205,
          1283126406019.6467
        ],
        [
          91267559.08057958,
          296852897.9885326,
          -4907045632.238444,
          12451735778.616823,
          42446794326.07085,
          -197239204252.28998,
          -746210784429.1005,
          4301812378558.522
        ],
        [
          -426191296.9359013,
          -1325917538.1868243,
          22844405680.725864,
          -58897808431.04191,
          -197239204252.28998,
          928882428381.1691,
          3492775339022.4956,
          -20241973928099.176
        ],
        [
          -1608655518.9687586,
          -5109760360.611129,
          86353043884.4783,
          -221024948834.91205,
          -746210784429.1005,
          3492775339022.4956,
          13170253153885.965,
          -76143175396841.8
        ],
        [
          9291757495.391129,
          28996193814.288013,
          -498182108558.242,
          1283126406019.6467,
          4301812378558.522,
          -20241973928099.176,
          -76143175396841.8,
          441132860374477.06
        ]
      ]
    },
    {
      "basis": 20,
      "towerConstraints": 12,
      "rank": 7,
      "nullity": 13,
      "positiveModes": 12,
      "cutoff": 6,
      "highModes": 6,
      "lambdaMinHigh": 2.4303999162118003e-07,
      "lambdaMaxHigh": 0.15438995102312345,
      "maxRangeRelativeDefect": 2.4731332201328e-77,
      "jetRepresenters": [
        {
          "deriv": 0,
          "norm2": 3761728.684171048,
          "norm": 1939.517642139676,
          "rangeRelativeDefect": 5.797275751029303e-78
        },
        {
          "deriv": 1,
          "norm2": 30447385.50055085,
          "norm": 5517.9149595250965,
          "rangeRelativeDefect": 1.3154984426479882e-77
        },
        {
          "deriv": 2,
          "norm2": 14062444266.737604,
          "norm": 118585.17726401392,
          "rangeRelativeDefect": 5.264730044216558e-78
        },
        {
          "deriv": 3,
          "norm2": 818122750658.6434,
          "norm": 904501.3823420302,
          "rangeRelativeDefect": 1.4442162805943464e-77
        },
        {
          "deriv": 4,
          "norm2": 306146918130.7389,
          "norm": 553305.4474074324,
          "rangeRelativeDefect": 2.4731332201328e-77
        },
        {
          "deriv": 5,
          "norm2": 359207832100871.25,
          "norm": 18952779.007334813,
          "rangeRelativeDefect": 1.3750910265764128e-77
        },
        {
          "deriv": 6,
          "norm2": 1101616623878395.8,
          "norm": 33190610.47763954,
          "rangeRelativeDefect": 2.2944866399131274e-77
        },
        {
          "deriv": 7,
          "norm2": 4.4185662868657325e+17,
          "norm": 664722971.3847516,
          "rangeRelativeDefect": 1.789613527260447e-77
        }
      ],
      "jetGram": [
        [
          3761728.684171048,
          -9386554.75530856,
          -229894692.3032121,
          1731006681.744778,
          -867419834.9084929,
          -36244407446.86828,
          61913559481.126564,
          1261421080843.334
        ],
        [
          -9386554.75530856,
          30447385.50055085,
          581860985.2756101,
          -4702716383.817428,
          3013053683.3845143,
          98668093941.21683,
          -178116059399.47906,
          -3503752107477.1875
        ],
        [
          -229894692.3032121,
          581860985.2756101,
          14062444266.737604,
          -106279454771.70486,
          54091270744.17266,
          2225636696738.349,
          -3814144983604.7495,
          -77551683326740.62
        ],
        [
          1731006681.744778,
          -4702716383.817428,
          -106279454771.70486,
          818122750658.6434,
          -446953360301.56323,
          -17142593083847.938,
          29824383478040.207,
          600617510615807.9
        ],
        [
          -867419834.9084929,
          3013053683.3845143,
          54091270744.17266,
          -446953360301.56323,
          306146918130.7389,
          9386414853082.852,
          -17236678098667.463,
          -335588442284833.75
        ],
        [
          -36244407446.86828,
          98668093941.21683,
          2225636696738.349,
          -17142593083847.938,
          9386414853082.852,
          359207832100871.25,
          -625256308736812.6,
          -1.2587831578770362e+16
        ],
        [
          61913559481.126564,
          -178116059399.47906,
          -3814144983604.7495,
          29824383478040.207,
          -17236678098667.463,
          -625256308736812.6,
          1101616623878395.8,
          2.200957313395138e+16
        ],
        [
          1261421080843.334,
          -3503752107477.1875,
          -77551683326740.62,
          600617510615807.9,
          -335588442284833.75,
          -1.2587831578770362e+16,
          2.200957313395138e+16,
          4.4185662868657325e+17
        ]
      ]
    },
    {
      "basis": 22,
      "towerConstraints": 14,
      "rank": 7,
      "nullity": 15,
      "positiveModes": 14,
      "cutoff": 6,
      "highModes": 8,
      "lambdaMinHigh": 9.638517436324169e-10,
      "lambdaMaxHigh": 0.15438995102312347,
      "maxRangeRelativeDefect": 1.7409183434009086e-74,
      "jetRepresenters": [
        {
          "deriv": 0,
          "norm2": 39384066.05848196,
          "norm": 6275.672558258753,
          "rangeRelativeDefect": 9.85159870504005e-76
        },
        {
          "deriv": 1,
          "norm2": 112198408458.70775,
          "norm": 334960.30878106697,
          "rangeRelativeDefect": 1.2779102841407233e-74
        },
        {
          "deriv": 2,
          "norm2": 1723653026044.7559,
          "norm": 1312879.669293708,
          "rangeRelativeDefect": 7.59381836519025e-75
        },
        {
          "deriv": 3,
          "norm2": 1064416627980623.9,
          "norm": 32625398.51067913,
          "rangeRelativeDefect": 1.298711131864858e-74
        },
        {
          "deriv": 4,
          "norm2": 1.207897509537546e+17,
          "norm": 347548199.46844006,
          "rangeRelativeDefect": 1.7004303221795475e-74
        },
        {
          "deriv": 5,
          "norm2": 2.4326618754067286e+17,
          "norm": 493220222.1530184,
          "rangeRelativeDefect": 1.1655630635900424e-74
        },
        {
          "deriv": 6,
          "norm2": 2.921511184137988e+19,
          "norm": 5405100539.43309,
          "rangeRelativeDefect": 1.32032336070291e-74
        },
        {
          "deriv": 7,
          "norm2": 1.6497330963909362e+22,
          "norm": 128441936157.58586,
          "rangeRelativeDefect": 1.7409183434009086e-74
        }
      ],
      "jetGram": [
        [
          39384066.05848196,
          1146730782.425252,
          -6745012586.365193,
          -107948476945.35121,
          1365691720730.9246,
          -2521296779760.1816,
          -17182946989965.672,
          -562246060963254.44
        ],
        [
          1146730782.425252,
          112198408458.70775,
          -407501057786.7121,
          -10925433496080.998,
          115789938134080.55,
          -152574860274174.3,
          -1808125263203148.8,
          -4.2099930495610984e+16
        ],
        [
          -6745012586.365193,
          -407501057786.7121,
          1723653026044.7559,
          39344425816871.99,
          -438068195235686.2,
          646493890737615.8,
          6439827028533708.0,
          1.6567098471748074e+17
        ],
        [
          -107948476945.35121,
          -10925433496080.998,
          39344425816871.99,
          1064416627980623.9,
          -1.125251444389418e+16,
          1.4736638793798142e+16,
          1.7622514899761702e+17,
          4.0833071365602796e+18
        ],
        [
          1365691720730.9246,
          115789938134080.55,
          -438068195235686.2,
          -1.125251444389418e+16,
          1.207897509537546e+17,
          -1.6425821263370122e+17,
          -1.8563805795892027e+18,
          -4.439728499911714e+19
        ],
        [
          -2521296779760.1816,
          -152574860274174.3,
          646493890737615.8,
          1.4736638793798142e+16,
          -1.6425821263370122e+17,
          2.4326618754067286e+17,
          2.4080179143663826e+18,
          6.22455715754435e+19
        ],
        [
          -17182946989965.672,
          -1808125263203148.8,
          6439827028533708.0,
          1.7622514899761702e+17,
          -1.8563805795892027e+18,
          2.4080179143663826e+18,
          2.921511184137988e+19,
          6.712775989405057e+20
        ],
        [
          -562246060963254.44,
          -4.2099930495610984e+16,
          1.6567098471748074e+17,
          4.0833071365602796e+18,
          -4.439728499911714e+19,
          6.22455715754435e+19,
          6.712775989405057e+20,
          1.6497330963909362e+22
        ]
      ]
    }
  ],
  "interpretation": "The sampled trace mesh has been replaced by the exact local continuum trace tower D_s^q Lambda_s0.  Stabilization here is evidence for the closed-trace endpoint RKHS/Sobolev representer bound; growth would indicate that additional Schur/observability input is still missing."
}
